в формате YUV каналы U и V уменьшить в 4 раза (выкинуть четные столбцы и строки)
R = 20  G = 100 B = 50
Y = 70,38
R = 0.0784 G = 0.3921  B = 0.1960
Y = 0.2759483 = 70.3668165
(Нет разницы, 0-255 или 0-1 для пропорции)